.Random.seed <-
c(403L, 10L, -1189490341L, -1444937543L, 1270272264L, 1136649142L, 
396157169L, 1391826723L, -771214990L, -1942355004L, -1517457529L, 
-682125987L, -915305644L, -2077609606L, -564216635L, 1201004063L, 
826849702L, -285017296L, -935110189L, -1828806671L, -1061721824L, 
1235556286L, 1025325001L, 400611195L, 1751518538L, 1700948396L, 
-1792097105L, -1387250075L, -1770953188L, -1452099470L, -1039483155L, 
309289767L, 866565966L, -1587415128L, -813399125L, -2041331511L, 
-1947465512L, 1229534598L, -534762399L, 1143758323L, 1950194786L, 
-1180575020L, 181775319L, -645275187L, -66718364L, 527991114L, 
1250470069L, 1095024655L, -406750954L, -711466048L, 2040672131L, 
418258337L, -1502854768L, 315591278L, -931615719L, 1900654763L, 
148264090L, 1363371100L, 1882284383L, -1436122315L, -476018996L, 
1632048162L, -757143939L, 917977975L, 1105851550L, -448285864L, 
1206286011L, 554080345L, 1522764776L, 1317277206L, 1202655633L, 
-983809469L, -420331182L, 156308964L, 358366247L, -2138175363L, 
1513018740L, -8939174L, 253693861L, -201412673L, -1964465082L, 
548733648L, -1363587853L, -404788719L, 731163712L, -459571170L, 
-98656535L, -189031397L, 2127672362L, 1180993356L, 2117909775L, 
1248665669L, 1442400764L, 619841618L, 2125803981L, -505539705L, 
1578514030L, 1852896840L, 1188188235L, -1065272919L, -1983318792L, 
585072678L, -1607560895L, -1115509037L, -448751998L, -2145018700L, 
-106961865L, 1827899181L, -209058748L, -593680022L, -129514027L, 
-450075793L, -1090913674L, -1005912672L, 1395190371L, 2076785409L, 
-1382059408L, -1600049650L, 149464697L, -235187701L, -125498566L, 
125203004L, 1580151167L, -1957815595L, -382829844L, 915246146L, 
-626973795L, 1650047511L, 815562622L, 1707724088L, 1641409051L, 
-426708103L, -622066232L, 1056766454L, -1582191567L, 1743793763L, 
1725575730L, -1542815868L, 1320848839L, -1294711651L, -501644268L, 
-2123783494L, -2142887163L, 757111007L, -1525186202L, -1516632848L, 
-1898852333L, 1689195953L, 1930047584L, 1556274686L, -1445639799L, 
-913498437L, 2140494474L, -143424148L, -1655741713L, -1678361307L, 
-1931105316L, 1916676530L, -582825811L, -1209370521L, -1670164594L, 
1852528744L, 950125675L, 490737161L, 2126975128L, -631030842L, 
1532456737L, -589612109L, -1230310622L, -330201836L, 403309975L, 
-1072259699L, 1888238756L, 776019594L, 962041077L, -2027918513L, 
-1905716138L, -1646733568L, 1563193923L, -2014246431L, -902066864L, 
1645896622L, 52904281L, -2094456981L, -34189606L, 1002749852L, 
2023023519L, 1926842869L, -1100977012L, -320359070L, -648083139L, 
-287874633L, 1747093086L, -1170272360L, 1927659259L, -1766115687L, 
-1828708568L, 1985304022L, -1977116079L, 1600196867L, 1604783250L, 
904282660L, 180141287L, -1672236739L, -267508300L, 1486346778L, 
980722021L, -167645185L, 62981766L, -323043824L, -679836493L, 
1658748753L, -794217728L, 1730054622L, -766619095L, 599212507L, 
-536809750L, -1732764532L, 1253868495L, -939263099L, -323667908L, 
-1138345710L, -209752563L, 1780653383L, 69924654L, 1874086536L, 
-1853228149L, 908434281L, -978725576L, 1976844576L, -70779262L, 
-2104166936L, 744526828L, -797976004L, 225875570L, 793422704L, 
-1303047900L, 1229103672L, -1205184102L, 663956944L, -69714500L, 
186008724L, 471992450L, -1225138752L, -1336623300L, 1826549904L, 
-1364169950L, 465836552L, 1134815500L, -2060486244L, 1314228754L, 
-1743937664L, 709921556L, 802984232L, -1615357894L, 1647041488L, 
-352104852L, 803050036L, 1550689938L, -1957065376L, -1498781364L, 
579855328L, -278277726L, 1428806056L, 106272396L, 141069756L, 
100754034L, -456963088L, -579014076L, -1150955432L, -1877507014L, 
1106343024L, 20853820L, -657697516L, 2026060482L, 1252325088L, 
-1823617924L, -531998000L, 2071775650L, 977148968L, 1200248588L, 
1675779516L, 480614194L, -93741376L, 1558708276L, -1543930168L, 
-31651654L, 37499536L, 906157804L, 1932233300L, 1389350546L, 
-673198816L, -1909930548L, -113918240L, 1768170690L, -1259021272L, 
1787569068L, -1405178180L, -552609806L, 381889072L, 107611044L, 
-991519304L, -1841914022L, -142385008L, -1311559812L, -614697708L, 
-90597054L, 1871639808L, 124645820L, 1462932816L, -120839902L, 
-1695821240L, -388852724L, 59626076L, -1315007022L, -1373106688L, 
955070804L, -1237811992L, 1937910010L, -596948272L, 1040908076L, 
-1831856908L, -1902498414L, -906018464L, 1203032076L, -778897184L, 
-236140958L, 975069352L, 579965004L, 2095359868L, -1191137998L, 
1182314096L, -1747892412L, 1522015192L, 585885562L, 1279403056L, 
-1130027076L, 1429588564L, -464656318L, 1034679968L, -164334916L, 
-1302765616L, 1481990498L, 2075765480L, -1960997684L, -319538692L, 
-1357426190L, 581331072L, 273653236L, -42095992L, -222296262L, 
1550111056L, 1362817132L, 1489196436L, 1160324178L, -2098597408L, 
142368972L, -90641760L, -357095038L, 1591782632L, 895922924L, 
331442492L, 78947442L, -47911312L, -344193500L, -937510856L, 
-673348326L, 305914064L, -1186652868L, 1482407828L, 1889693570L, 
1137967040L, -294844868L, 895809936L, 1867846690L, -522700536L, 
445535372L, 1198203676L, -918550382L, -2111948416L, -1269531628L, 
207753000L, -1806502342L, 1703616976L, 529756524L, 1048254388L, 
-69177838L, 2027361248L, 911955404L, -42388256L, 991707170L, 
-1849530584L, -1711544820L, -1071054020L, -1006889998L, 2013645552L, 
-1871025596L, -1733884328L, -1496438982L, -1103412240L, 1072682684L, 
-1324862188L, -654896958L, 989903968L, -852059780L, -1284905008L, 
-1626781406L, 166461096L, 1723771788L, -1005581124L, -1250074830L, 
770437696L, 1484481716L, -663235512L, 1822841274L, 1217121808L, 
-538887956L, 1051339092L, -1932802286L, -584653408L, -98546996L, 
-552679840L, -445878334L, 1180664616L, 1302371756L, 1414959420L, 
2043989874L, -1661968080L, 1869053732L, -1792879304L, -1803355430L, 
358422416L, 1702753020L, -1040154732L, -1502939070L, -142988032L, 
-1079063492L, 1112644944L, 1404922018L, 1696925512L, 1114625804L, 
388856540L, 1924842322L, 1626546816L, -925530028L, -1634526232L, 
-429189382L, 1579755856L, -272030932L, 528283508L, 513201042L, 
-166021536L, 500899724L, 402457440L, 2017552354L, 2023567272L, 
1804159498L, 938630399L, -320317111L, -833402146L, -1936869236L, 
-1769615267L, 158719591L, 629428112L, 759710638L, 719563355L, 
1524295229L, 2108741802L, 291449160L, -266887823L, -721462557L, 
845541860L, 1367391506L, 206401767L, 859883185L, -721912586L, 
-1817026796L, -1442187227L, -173802193L, -519122200L, 760115142L, 
53023347L, 1995887829L, 264681138L, 500280960L, -353315223L, 
-24593701L, 263964204L, 1224033850L, 1377665263L, 607013753L, 
-1492449266L, 601091548L, -1235689907L, -1532199497L, 1902334784L, 
-1168563682L, 1098818795L, 999222381L, -214577958L, -62319464L, 
-1520561407L, 1460304051L, 2047890388L, -1755459870L, -2031202441L, 
544756417L, -1246043578L, 1515769220L, -966954187L, -890048225L, 
-991602568L, -454605482L, 282033123L, 463394213L, -1687177150L, 
1154119216L, -1108652455L, -1741174837L, 124377148L, -858839446L, 
-1147552609L, -636072663L, -1370965570L, -918120276L, 1410694653L, 
1752147271L, -1651745232L, -330643634L, 1722252155L, -1784996643L, 
1625550090L, -1091332056L, 1773677713L, 1386862723L, -1118348924L, 
1148954546L, 1037150471L, -1825174703L, 840710870L, 1891369908L, 
1893989317L, -1621878001L, -476567160L, -914051930L, -610378669L, 
-1132814923L, -895692014L, -1609793312L, 363398473L, -511035525L, 
-1919577524L, -48620582L, 679842255L, 1418184601L, -31424594L, 
1650476220L, 1941126445L, 674967255L, 887387936L, 423428222L, 
-1807235509L, 1482841165L, 422986362L, 1384168120L, 783691873L, 
43487763L, 1980790836L, -1698269630L, -947953065L, 460247457L, 
722227814L, -560278940L, 1182695829L, 842676927L, -2032328104L, 
-572057994L, 524847747L, 391188165L, -568206366L, 1596675664L, 
-1130470535L, -206796629L, -1537138660L, -1253478582L, 666928959L, 
1649965449L, -195573346L, 848035916L, -1619785187L, -5970009L, 
2024438480L, -655520658L, 778728219L, 1687710845L, 2072298090L, 
853177096L, -1000727631L, 191482915L, 1388619044L, 379683282L, 
-1843199449L, -1368978319L, -1177873738L, 1538719316L, 1868980965L, 
